dram_utilized_capacity: 49997824.0
total_chip_area_um2: 16900639.840000004
total_cycles: 134258688
total_energy_uJ: 72489.46999999999
