dram_utilized_capacity: 469529856.0
total_chip_area_um2: 34550472.400000036
total_cycles: 2754609152
total_energy_uJ: 291592.9399999992
